400090001
400090005
400090007
400090010
400090019
400090021
400090022
400090025
400090026
400090032
400090039
400090041
400090043
400090044
400090045
400090059
400090061
400090069
400090075
400090085
400090200
400090201
400090202
400090203
400090207
400090208
400090220
400090261
400090263
400090278
400090342
400090525
400090526
400090663
400090664
400090665
400090667
400090669
400090670
400090673
400090675
400090677
400090772
400090773
400090843
400090844
400090845
400091004
400091005
400091007
400091017
400092381
400092382
400092383
400092385
400092386
400092388
400092391
400092392
400092393
400092394
400092396
400092398
400092399
400092400
400092402
400092405
400092406
400092408
400092409
400092411
400092412
400092413
400092414
400092415
400092419
400092421
400092423
400092424
400092425
400092432
400092434
400092435
400092437
400092438
400092439
400092440
400092444
400092448
400092451
400092452
400092454
400092455
400092457
400092458
400092459
400092463
400092464
400092465
400092476
400098395
400060127
400096250
400074158
400086934
400089216
400091507
400092413
400102032
400068587
400074140
400096783
400086870
400091664
400070259
400071138
400081136
400051641
400059627
400087223
400087077
400086785
400090207
400062071
400077960
